Elapsed Time:10.000000
dx = 0.0125 	 dy = 0.0125
Nx = 800 	 Ny = 800
a=10.000000
b=10.000000
T=10
c=1.000000
Cx=0.500000 	 Cy=0.500000